training_condition,filler_image_dir,batch_mode,batch_size,lr,seed,epochs,model,image_dir,embed_init,renorm,betas,wd,train_csv,eval_csv,write_all,terminate_cond_epochs,stopped_early,best_epoch,best_overall_acc,effective_epochs
syntax,,alternating,1,0.0007,94875,50,Qwen/Qwen3-VL-2B-Instruct,,data/embeddings/init/noun_init.txt,True,"(0.0, 0.9)",0.0,data/embeddings/train/text/syntax_train_1.csv,data/embeddings/eval/training_eval.csv,False,5,True,11,0.9064748287200928,11
